0 0.13177083333333334 0.2389520202020202 0.21344696969696972 0.39204545454545453
0 0.499905303030303 0.5482954545454545 0.44308712121212124 0.5009469696969697
0 0.48096590909090914 0.3873106060606061 0.41822916666666665 0.5325126262626263
0 0.3495738636363636 0.40309343434343436 0.30104166666666665 0.29577020202020204
0 0.32234848484848483 0.25 0.2347537878787879 0.3289141414141414
0 0.1909564393939394 0.2878787878787879 0.2418560606060606 0.3541666666666667
0 0.13177083333333334 0.2389520202020202 0.21344696969696972 0.39204545454545453
0 0.499905303030303 0.5482954545454545 0.44308712121212124 0.5009469696969697
0 0.48096590909090914 0.3873106060606061 0.41822916666666665 0.5325126262626263
0 0.3495738636363636 0.40309343434343436 0.30104166666666665 0.29577020202020204
0 0.32234848484848483 0.25 0.2347537878787879 0.3289141414141414
0 0.1909564393939394 0.2878787878787879 0.2418560606060606 0.3541666666666667
