0 0.48451704545454544 0.5656565656565656 0.45729166666666665 0.4583333333333333
0 0.5141098484848484 0.488320707070707 0.44663825757575754 0.38573232323232326
0 0.4703125 0.3999368686868687 0.36732954545454544 0.27998737373737376
0 0.26197916666666665 0.31313131313131315 0.30459280303030306 0.40940656565656564
0 0.29393939393939394 0.286300505050505 0.35194128787878787 0.369949494949495
0 0.2690814393939394 0.1884469696969697 0.35194128787878787 0.29103535353535354
0 0.48451704545454544 0.5656565656565656 0.45729166666666665 0.4583333333333333
0 0.5141098484848484 0.488320707070707 0.44663825757575754 0.38573232323232326
0 0.4703125 0.3999368686868687 0.36732954545454544 0.27998737373737376
0 0.26197916666666665 0.31313131313131315 0.30459280303030306 0.40940656565656564
0 0.29393939393939394 0.286300505050505 0.35194128787878787 0.369949494949495
0 0.2690814393939394 0.1884469696969697 0.35194128787878787 0.29103535353535354
