0 0.4762310606060606 0.5230429292929293 0.43953598484848483 0.3746843434343434
0 0.4904356060606061 0.5672348484848485 0.44071969696969693 0.4709595959595959
0 0.41586174242424245 0.38573232323232326 0.33892045454545455 0.25789141414141414
0 0.19214015151515149 0.3952020202020202 0.25487689393939394 0.27683080808080807
0 0.33300189393939394 0.2326388888888889 0.2584280303030303 0.3368055555555556
0 0.29630681818181814 0.3762626262626263 0.21936553030303027 0.30839646464646464
0 0.4762310606060606 0.5230429292929293 0.43953598484848483 0.3746843434343434
0 0.4904356060606061 0.5672348484848485 0.44071969696969693 0.4709595959595959
0 0.41586174242424245 0.38573232323232326 0.33892045454545455 0.25789141414141414
0 0.19214015151515149 0.3952020202020202 0.25487689393939394 0.27683080808080807
0 0.33300189393939394 0.2326388888888889 0.2584280303030303 0.3368055555555556
0 0.29630681818181814 0.3762626262626263 0.21936553030303027 0.30839646464646464
