0 0.41822916666666665 0.5230429292929293 0.4785984848484849 0.5924873737373737
0 0.5910511363636364 0.4867424242424242 0.6431344696969696 0.5703914141414141
0 0.578030303030303 0.5972222222222222 0.6076231060606061 0.6556186868686869
0 0.6218276515151515 0.5940656565656566 0.6419507575757576 0.6587752525252525
0 0.21107954545454544 0.2689393939393939 0.08205492424242425 0.14583333333333334
0 0.22528409090909088 0.42676767676767674 0.28920454545454544 0.5246212121212122
0 0.41822916666666665 0.5230429292929293 0.4785984848484849 0.5924873737373737
0 0.5910511363636364 0.4867424242424242 0.6431344696969696 0.5703914141414141
0 0.578030303030303 0.5972222222222222 0.6076231060606061 0.6556186868686869
0 0.6218276515151515 0.5940656565656566 0.6419507575757576 0.6587752525252525
0 0.21107954545454544 0.2689393939393939 0.08205492424242425 0.14583333333333334
0 0.22528409090909088 0.42676767676767674 0.28920454545454544 0.5246212121212122
