0 0.5993371212121212 0.4835858585858586 0.6466856060606061 0.5845959595959597
0 0.6573390151515152 0.6619318181818181 0.6312973484848484 0.5988005050505051
0 0.5863162878787879 0.6429924242424242 0.6194602272727272 0.5909090909090909
0 0.4265151515151515 0.5767045454545455 0.37324810606060604 0.5104166666666666
0 0.28920454545454544 0.4930555555555556 0.23830492424242422 0.4109848484848485
0 0.20634469696969696 0.2515782828282828 0.07732007575757575 0.11268939393939395
0 0.5993371212121212 0.4835858585858586 0.6466856060606061 0.5845959595959597
0 0.6573390151515152 0.6619318181818181 0.6312973484848484 0.5988005050505051
0 0.5863162878787879 0.6429924242424242 0.6194602272727272 0.5909090909090909
0 0.4265151515151515 0.5767045454545455 0.37324810606060604 0.5104166666666666
0 0.28920454545454544 0.4930555555555556 0.23830492424242422 0.4109848484848485
0 0.20634469696969696 0.2515782828282828 0.07732007575757575 0.11268939393939395
