0 0.6123579545454546 0.571969696969697 0.6608901515151515 0.4346590909090909
0 0.5448863636363637 0.5877525252525253 0.5934185606060606 0.6477272727272727
0 0.617092803030303 0.6571969696969697 0.6585227272727272 0.6130050505050505
0 0.2359375 0.36837121212121215 0.2974905303030303 0.29577020202020204
0 0.33773674242424245 0.5498737373737375 0.2761837121212121 0.4457070707070707
0 0.6123579545454546 0.571969696969697 0.6608901515151515 0.4346590909090909
0 0.5448863636363637 0.5877525252525253 0.5934185606060606 0.6477272727272727
0 0.617092803030303 0.6571969696969697 0.6585227272727272 0.6130050505050505
0 0.2359375 0.36837121212121215 0.2974905303030303 0.29577020202020204
0 0.33773674242424245 0.5498737373737375 0.2761837121212121 0.4457070707070707
