0 0.41349431818181814 0.37941919191919193 0.45018939393939394 0.5388257575757576
0 0.4916193181818182 0.5025252525252525 0.5223958333333333 0.5909090909090909
0 0.32471590909090914 0.42676767676767674 0.25369318181818185 0.30839646464646464
0 0.13650568181818182 0.2105429292929293 0.19450757575757577 0.36521464646464646
0 0.32826704545454544 0.27683080808080807 0.21818181818181817 0.32575757575757575
0 0.14479166666666668 0.2436868686868687 0.21581439393939394 0.33207070707070707
0 0.41349431818181814 0.37941919191919193 0.45018939393939394 0.5388257575757576
0 0.4916193181818182 0.5025252525252525 0.5223958333333333 0.5909090909090909
0 0.32471590909090914 0.42676767676767674 0.25369318181818185 0.30839646464646464
0 0.13650568181818182 0.2105429292929293 0.19450757575757577 0.36521464646464646
0 0.32826704545454544 0.27683080808080807 0.21818181818181817 0.32575757575757575
0 0.14479166666666668 0.2436868686868687 0.21581439393939394 0.33207070707070707
