0 0.5259469696969696 0.5246212121212122 0.48096590909090914 0.5735479797979798
0 0.40284090909090914 0.3888888888888889 0.46912878787878787 0.4993686868686869
0 0.20989583333333334 0.2894570707070707 0.2773674242424242 0.4409722222222222
0 0.30696022727272726 0.24684343434343434 0.20989583333333334 0.2989267676767677
0 0.18858901515151513 0.16635101010101008 0.11283143939393939 0.3399621212121212
0 0.18503787878787878 0.29419191919191917 0.10217803030303031 0.20265151515151514
0 0.5259469696969696 0.5246212121212122 0.48096590909090914 0.5735479797979798
0 0.40284090909090914 0.3888888888888889 0.46912878787878787 0.4993686868686869
0 0.20989583333333334 0.2894570707070707 0.2773674242424242 0.4409722222222222
0 0.30696022727272726 0.24684343434343434 0.20989583333333334 0.2989267676767677
0 0.18858901515151513 0.16635101010101008 0.11283143939393939 0.3399621212121212
0 0.18503787878787878 0.29419191919191917 0.10217803030303031 0.20265151515151514
